Hash: 2CA2D482, Key: Line6.199120, Value: It’ll do.
Hash: 541F2AC0, Key: Line4.199120, Value: Fair.
