Hash: 2CA2D482, Key: Line6.199120, Value: We depart, eh?
Hash: 541F2AC0, Key: Line4.199120, Value: Let’s go.
